Descriptive Statistics:
========================================
                            count          mean           std           min           25%           50%           75%           max
No_of_iPhone_Users           13.0  7.746923e+08  4.310012e+08  1.150000e+08  4.420000e+08  8.140000e+08  1.000000e+09  1.460000e+09
No_of_iPhone_Users_USA       13.0  1.100000e+08  3.705401e+07  4.000000e+07  8.800000e+07  1.250000e+08  1.380000e+08  1.530000e+08
Percentage_of_iPhone_Users   13.0  4.628300e+01  3.997270e+00  4.230000e+01  4.420000e+01  4.530000e+01  4.628300e+01  5.833000e+01
No_of_iPhone_Sold            13.0  1.954154e+08  4.313867e+07  9.310000e+07  1.910000e+08  2.088000e+08  2.264000e+08  2.357000e+08
No_of_iPhone_Sold_USA        13.0  9.145727e+07  2.295479e+07  4.453000e+07  8.250000e+07  9.145727e+07  1.052000e+08  1.247000e+08
iOS_Market_Share             13.0  5.509364e+01  2.581331e+00  5.085000e+01  5.319000e+01  5.509364e+01  5.674000e+01  5.954000e+01
Android_Market_Share         13.0  4.305727e+01  2.136438e+00  3.925000e+01  4.146000e+01  4.305727e+01  4.473000e+01  4.642000e+01
